1 0.15 0.31484375 0.2203125 0.21015625
1 0.375 0.5703125 0.15 0.23984375
1 0.38984375 0.325 0.1796875 0.18984375
1 0.13984375 0.825 0.16015625 0.21015625
1 0.8296875 0.325 0.1796875 0.1703125
1 0.61015625 0.825 0.16015625 0.2296875
1 0.56015625 0.0953125 0.1796875 0.18984375
1 0.8453125 0.83515625 0.15 0.1703125
1 0.6 0.6 0.1796875 0.1796875
1 0.8203125 0.11015625 0.16015625 0.16015625
1 0.375 0.8546875 0.1703125 0.15
1 0.13515625 0.5796875 0.18984375 0.2
1 0.1546875 0.125 0.1703125 0.1296875
1 0.6046875 0.33515625 0.18984375 0.1703125
1 0.3546875 0.1296875 0.15 0.1203125