0 0.66640625 0.4125 0.1046875 0.11875
0 0.696875 0.48359375 0.08515625 0.09140625
0 0.796875 0.390625 0.121875 0.10390625
0 0.8328125 0.45625 0.1203125 0.10546875
0 0.84921875 0.5359375 0.10703125 0.1203125
0 0.8828125 0.60546875 0.10234375 0.1171875
1 0.3875 0.88671875 0.53046875 0.159375
1 0.27109375 0.77265625 0.46875 0.11875
1 0.23984375 0.5890625 0.40546875 0.2109375
1 0.33515625 0.37109375 0.50546875 0.20703125
1 0.503125 0.11015625 0.50703125 0.20546875
1 0.57734375 0.24921875 0.49921875 0.20078125
1 0.51640625 0.64296875 0.44765625 0.1984375