1 0.47578125 0.32265625 0.371875 0.13359375
1 0.57734375 0.5 0.22578125 0.13046875
1 0.4171875 0.56015625 0.21015625 0.13828125
1 0.54765625 0.64375 0.3 0.13046875
1 0.33828125 0.775 0.33984375 0.2
1 0.49609375 0.22109375 0.36796875 0.1546875
1 0.83671875 0.23203125 0.31015625 0.13828125
1 0.78125 0.396875 0.22578125 0.0953125
1 0.59375 0.10546875 0.24453125 0.13125
1 0.846875 0.13203125 0.30546875 0.10703125
1 0.76640625 0.55703125 0.2046875 0.078125
1 0.46796875 0.43203125 0.31171875 0.11875
1 0.3734375 0.0609375 0.2984375 0.121875