3 0.4765625 0.58203125 0.309375 0.2296875
3 0.23515625 0.53984375 0.34296875 0.26015625
3 0.3515625 0.71640625 0.2625 0.19296875
3 0.578125 0.6984375 0.21640625 0.2296875
3 0.625 0.16640625 0.31796875 0.26640625
3 0.5 0.2453125 0.18671875 0.25703125
3 0.73515625 0.5234375 0.30078125 0.20703125
3 0.26953125 0.14609375 0.278125 0.1484375
3 0.25078125 0.33125 0.33671875 0.2078125
3 0.4609375 0.41796875 0.303125 0.11171875
3 0.47109375 0.84453125 0.21875 0.21171875
3 0.61953125 0.3640625 0.20234375 0.18515625
3 0.64921875 0.57265625 0.2390625 0.20859375
