4 0.19296875 0.3359375 0.378125 0.5375
4 0.4203125 0.3203125 0.2625 0.56015625
4 0.56015625 0.31328125 0.284375 0.5734375
4 0.7203125 0.3 0.284375 0.5734375
4 0.82421875 0.30859375 0.33359375 0.546875
4 0.51328125 0.83125 0.253125 0.29296875
4 0.3953125 0.82421875 0.12421875 0.2796875
4 0.0625 0.8109375 0.12421875 0.27109375
4 0.14921875 0.8109375 0.15546875 0.29765625
4 0.23984375 0.8109375 0.1421875 0.29765625
4 0.34453125 0.821875 0.146875 0.284375
4 0.9203125 0.815625 0.15078125 0.2625
4 0.79296875 0.80859375 0.146875 0.27578125
