2 0.140625 0.42734374999999997 0.28125 0.2953125
2 0.42265625 0.6273437500000001 0.23281249999999998 0.2984375
2 0.3625 0.37421875000000004 0.24062499999999998 0.25781250000000006
2 0.2828125 0.90546875 0.23125 0.18906250000000002
2 0.7671875 0.25859375 0.234375 0.23906249999999998
2 0.71640625 0.82265625 0.23906249999999996 0.29218750000000004
2 0.45 0.11328125 0.24062499999999998 0.2265625
2 0.91640625 0.7718750000000001 0.16718750000000004 0.22812500000000002
2 0.6390625 0.59765625 0.23750000000000004 0.24843750000000003
2 0.69453125 0.07734375 0.2109375 0.1546875
2 0.5078125 0.90390625 0.21562499999999996 0.19218749999999996
2 0.20390625 0.69921875 0.25468749999999996 0.2734375
2 0.0953125 0.23359375 0.190625 0.1953125
2 0.56328125 0.328125 0.24218749999999994 0.24375000000000002
2 0.27109375 0.1859375 0.1859375 0.17812500000000003
