2 0.4984375 0.60546875 0.346875 0.27031249999999996
2 0.24453125 0.59609375 0.3859375 0.3046875
2 0.3875 0.75546875 0.29375000000000007 0.2265625
2 0.61796875 0.70703125 0.2515625 0.2578125
2 0.5960937500000001 0.1734375 0.3609375 0.30624999999999997
2 0.47812499999999997 0.26875 0.22499999999999998 0.28125
2 0.75703125 0.5125 0.3359375 0.24687500000000007
2 0.22890624999999998 0.2015625 0.3046875 0.184375
2 0.23359375 0.38828125 0.3734375 0.25156249999999997
2 0.4609375 0.44453125 0.32499999999999996 0.15156249999999993
2 0.52734375 0.86640625 0.25156249999999997 0.23906250000000007
2 0.61640625 0.36953125 0.23281249999999998 0.2109375
2 0.67421875 0.57265625 0.2734375 0.23906249999999996
