2 0.875 0.39296875000000003 0.25 0.2515625
2 0.60625 0.59453125 0.19687500000000002 0.2671875
2 0.64375 0.35234375 0.21562500000000007 0.22343749999999998
2 0.78203125 0.88671875 0.20156249999999998 0.2265625
2 0.2140625 0.2578125 0.2125 0.20625000000000002
2 0.321875 0.79296875 0.20625 0.2578125
2 0.5265625 0.1015625 0.215625 0.203125
2 0.090625 0.75234375 0.18125 0.19843750000000004
2 0.38046875 0.57578125 0.2140625 0.21406250000000004
2 0.27031249999999996 0.07265625 0.190625 0.1453125
2 0.54609375 0.87265625 0.19843749999999993 0.18281250000000004
2 0.8390625 0.65546875 0.22812500000000002 0.23593750000000002
2 0.91015625 0.20625 0.1796875 0.16249999999999998
2 0.4328125 0.315625 0.22187499999999993 0.20625000000000002
2 0.7203125 0.16875 0.171875 0.15
