2 0.215625 0.2703125 0.43125 0.540625
2 0.43125 0.28203125 0.36250000000000004 0.5640625
2 0.57890625 0.2953125 0.3890625 0.590625
2 0.74921875 0.30234375 0.3890625 0.6046875
2 0.81953125 0.328125 0.3609375 0.5874999999999999
2 0.44921875 0.7828125 0.31093750000000003 0.328125
2 0.32578125 0.75546875 0.17343749999999997 0.29218750000000004
2 0.0328125 0.6859375 0.065625 0.28437500000000004
2 0.0875 0.7015625 0.175 0.31562500000000004
2 0.16484375 0.7164062499999999 0.1953125 0.3140625
2 0.27265625 0.74453125 0.19843750000000002 0.30156249999999996
2 0.878125 0.8359375 0.20000000000000007 0.28125
2 0.7453125 0.8078125 0.19687500000000002 0.29375000000000007
