2 0.8499999940395355 0.3148437440395355 0.22031253576278687 0.21015626192092896
2 0.625 0.5703125 0.1499999761581421 0.2398437261581421
2 0.610156238079071 0.32499999552965164 0.1796875 0.18984375894069672
2 0.860156238079071 0.824999988079071 0.16015625 0.21015620231628418
2 0.1703125238418579 0.32499999552965164 0.1796875 0.17031250894069672
2 0.38984376192092896 0.824999988079071 0.16015625 0.22968745231628418
2 0.4398437738418579 0.09531249478459358 0.1796875 0.18984373658895493
2 0.1546875238418579 0.835156261920929 0.1499999761581421 0.1703125238418579
2 0.3999999761581421 0.6000000238418579 0.1796875 0.1796875
2 0.1796875 0.11015625298023224 0.16015625 0.16015625
2 0.625 0.854687511920929 0.1703125238418579 0.1499999761581421
2 0.8648437559604645 0.5796874910593033 0.18984371423721313 0.20000001788139343
2 0.8453125059604645 0.1249999962747097 0.17031246423721313 0.12968749552965164
2 0.39531248807907104 0.33515626192092896 0.1898437738418579 0.1703125238418579
2 0.645312488079071 0.12968749925494194 0.1499999761581421 0.12031248956918716
