2 0.7146427719671925 0.28126574013109995 0.570714456065615 0.5625314802621999
2 0.4804745870634719 0.3105509922193525 0.47239556337937844 0.621101984438705
2 0.33331581918683695 0.3383133288399484 0.4997836147516244 0.6766266576798968
2 0.2063992863686218 0.3832078230062602 0.4127985727372436 0.6790519008485956
2 0.16455126093194 0.43033627598892055 0.32910252186388 0.6707342492694415
2 0.5675652132516223 0.8221849405356365 0.36687332538866085 0.355630118928727
2 0.6870557266358346 0.787048151015008 0.22878552424390375 0.3258293177493514
2 0.9568304219678125 0.6503438378392448 0.08633915606437481 0.3172331172124218
2 0.9015229043889708 0.6825024325868769 0.19695419122205848 0.35539168158325785
2 0.8430900611079091 0.7161096013329766 0.2538145751060551 0.3504665012537185
2 0.7387369755227021 0.7658721282492831 0.2538994237047061 0.33891980833992374
2 0.14097860159973782 0.9069491077267792 0.2500941634012091 0.18610178454644166
2 0.27016549078814467 0.8768614697531241 0.250817330707659 0.24627706049375175
