2 0.5234375 0.5820312350988388 0.3093750476837158 0.22968748211860657
2 0.7648437321186066 0.539843738079071 0.34296876192092896 0.2601562738418579
2 0.6484375 0.7164062261581421 0.2625000476837158 0.1929687261581421
2 0.421875 0.698437511920929 0.2164062261581421 0.22968745231628418
2 0.375 0.16640624403953552 0.3179687261581421 0.26640623807907104
2 0.5 0.24531248956918716 0.18671870231628418 0.25703124701976776
2 0.26484376192092896 0.5234375 0.30078125 0.20703125
2 0.73046875 0.14609375596046448 0.2781250476837158 0.1484375
2 0.749218761920929 0.33125001192092896 0.33671867847442627 0.20781248807907104
2 0.5390625 0.41796875 0.3031250238418579 0.11171877384185791
2 0.5289062261581421 0.844531238079071 0.21875 0.21171879768371582
2 0.3804687261581421 0.36406248807907104 0.20234370231628418 0.1851562261581421
2 0.35078126192092896 0.5726562738418579 0.23906254768371582 0.2085937261581421
