2 0.28046875 0.29921875 0.5609375 0.5828125
2 0.47109375 0.35000000000000003 0.48906249999999996 0.634375
2 0.5875 0.40703125 0.515625 0.6609375000000001
2 0.7125 0.46875 0.49374999999999997 0.659375
2 0.74296875 0.5203125 0.4234375 0.646875
2 0.31328125 0.8140625 0.3609375 0.37187499999999996
2 0.22109375 0.7625 0.2390625 0.31562499999999993
2 0.03671875 0.60234375 0.0734375 0.2953125
2 0.08203125 0.6390625 0.1640625 0.34062499999999996
2 0.115625 0.678125 0.23125 0.34062499999999996
2 0.18046874999999998 0.7359375 0.2609375 0.33125000000000004
2 0.65625 0.921875 0.2437499999999999 0.15625
2 0.55390625 0.88671875 0.2515625 0.2265625
