2 0.4682917727242235 0.5792024466959637 0.3312536850825491 0.26013836508300137
2 0.23246942191405068 0.5125347374165885 0.3677888026978381 0.29388467712751376
2 0.3301980830455092 0.7000816211570646 0.2808674870971526 0.21881590156188535
2 0.5574100154281474 0.7053899994909896 0.23877287177720224 0.2506253985140585
2 0.6584785320671417 0.18094773329491312 0.34355949537302277 0.2975437313690818
2 0.526060625279045 0.24664931067883236 0.21203912959423837 0.2747879264958503
2 0.7315237143149182 0.5473766020686885 0.3203867489295261 0.23672170412497795
2 0.30695404737690973 0.12436888511123399 0.2918538610810134 0.17611722640661567
2 0.2693565265979013 0.30663470335372306 0.35621554505496417 0.2411761084487105
2 0.46953629824424037 0.414402291162972 0.312965468552189 0.1421493354095697
2 0.43599167612938555 0.8397650353696664 0.2392657488075841 0.23299088640508392
2 0.6328135367075162 0.37700692279338976 0.22022754798921418 0.20488897771883474
2 0.6410010285151293 0.587543565612609 0.2591518790824451 0.23196067568960338
