1 0.88984375 0.43203125 0.0703125 0.4453125
1 0.86796875 0.4375 0.06328125 0.43125
1 0.83828125 0.43203125 0.07421875 0.459375
1 0.81875 0.4421875 0.06171875 0.43984375
1 0.78984375 0.43984375 0.06875 0.446875
1 0.765625 0.43203125 0.0671875 0.4484375
1 0.74296875 0.44921875 0.0671875 0.41171875
1 0.7 0.44609375 0.03359375 0.45078125
1 0.66171875 0.44296875 0.06328125 0.44375
1 0.6296875 0.36171875 0.0421875 0.26328125
1 0.309375 0.45 0.04609375 0.39453125
1 0.246875 0.446875 0.04921875 0.41015625